0.000000000000000000e+00 0.000000000000000000e+00 0.000000000000000000e+00
1.000000000000000000e+00 0.000000000000000000e+00 0.000000000000000000e+00
0.000000000000000000e+00 0.000000000000000000e+00 1.000000000000000000e+00
1.000000000000000000e+00 0.000000000000000000e+00 1.000000000000000000e+00
0.000000000000000000e+00 2.000000000000000000e+00 0.000000000000000000e+00
1.000000000000000000e+00 2.000000000000000000e+00 0.000000000000000000e+00
1.000000000000000000e+00 2.000000000000000000e+00 1.000000000000000000e+00
0.000000000000000000e+00 2.000000000000000000e+00 1.000000000000000000e+00
4.999999999989940269e-02 0.000000000000000000e+00 0.000000000000000000e+00
9.999999999981414034e-02 0.000000000000000000e+00 0.000000000000000000e+00
1.499999999997028988e-01 0.000000000000000000e+00 0.000000000000000000e+00
1.999999999995568933e-01 0.000000000000000000e+00 0.000000000000000000e+00
2.499999999994108879e-01 0.000000000000000000e+00 0.000000000000000000e+00
2.999999999992650213e-01 0.000000000000000000e+00 0.000000000000000000e+00
3.499999999991191268e-01 0.000000000000000000e+00 0.000000000000000000e+00
3.999999999989731214e-01 0.000000000000000000e+00 0.000000000000000000e+00
4.499999999988272270e-01 0.000000000000000000e+00 0.000000000000000000e+00
4.999999999986921018e-01 0.000000000000000000e+00 0.000000000000000000e+00
5.499999999988131050e-01 0.000000000000000000e+00 0.000000000000000000e+00
5.999999999989450439e-01 0.000000000000000000e+00 0.000000000000000000e+00
6.499999999990768718e-01 0.000000000000000000e+00 0.000000000000000000e+00
6.999999999992088107e-01 0.000000000000000000e+00 0.000000000000000000e+00
7.499999999993406385e-01 0.000000000000000000e+00 0.000000000000000000e+00
7.999999999994724664e-01 0.000000000000000000e+00 0.000000000000000000e+00
8.499999999996044053e-01 0.000000000000000000e+00 0.000000000000000000e+00
8.999999999997362332e-01 0.000000000000000000e+00 0.000000000000000000e+00
9.499999999998681721e-01 0.000000000000000000e+00 0.000000000000000000e+00
9.499999999997917888e-01 0.000000000000000000e+00 1.000000000000000000e+00
8.999999999995835775e-01 0.000000000000000000e+00 1.000000000000000000e+00
8.499999999996530331e-01 0.000000000000000000e+00 1.000000000000000000e+00
8.000000000000000444e-01 0.000000000000000000e+00 1.000000000000000000e+00
7.500000000003470557e-01 0.000000000000000000e+00 1.000000000000000000e+00
7.000000000006938450e-01 0.000000000000000000e+00 1.000000000000000000e+00
6.500000000010406342e-01 0.000000000000000000e+00 1.000000000000000000e+00
6.000000000013874235e-01 0.000000000000000000e+00 1.000000000000000000e+00
5.500000000017343238e-01 0.000000000000000000e+00 1.000000000000000000e+00
5.000000000020594637e-01 0.000000000000000000e+00 1.000000000000000000e+00
4.500000000018730129e-01 0.000000000000000000e+00 1.000000000000000000e+00
4.000000000016650237e-01 0.000000000000000000e+00 1.000000000000000000e+00
3.500000000014568124e-01 0.000000000000000000e+00 1.000000000000000000e+00
3.000000000012487122e-01 0.000000000000000000e+00 1.000000000000000000e+00
2.500000000010406120e-01 0.000000000000000000e+00 1.000000000000000000e+00
2.000000000008325118e-01 0.000000000000000000e+00 1.000000000000000000e+00
1.500000000006244116e-01 0.000000000000000000e+00 1.000000000000000000e+00
1.000000000004162004e-01 0.000000000000000000e+00 1.000000000000000000e+00
5.000000000020810020e-02 0.000000000000000000e+00 1.000000000000000000e+00
4.999999999989940269e-02 2.000000000000000000e+00 0.000000000000000000e+00
9.999999999981414034e-02 2.000000000000000000e+00 0.000000000000000000e+00
1.499999999997028988e-01 2.000000000000000000e+00 0.000000000000000000e+00
1.999999999995568933e-01 2.000000000000000000e+00 0.000000000000000000e+00
2.499999999994108879e-01 2.000000000000000000e+00 0.000000000000000000e+00
2.999999999992650213e-01 2.000000000000000000e+00 0.000000000000000000e+00
3.499999999991191268e-01 2.000000000000000000e+00 0.000000000000000000e+00
3.999999999989731214e-01 2.000000000000000000e+00 0.000000000000000000e+00
4.499999999988272270e-01 2.000000000000000000e+00 0.000000000000000000e+00
4.999999999986921018e-01 2.000000000000000000e+00 0.000000000000000000e+00
5.499999999988131050e-01 2.000000000000000000e+00 0.000000000000000000e+00
5.999999999989450439e-01 2.000000000000000000e+00 0.000000000000000000e+00
6.499999999990768718e-01 2.000000000000000000e+00 0.000000000000000000e+00
6.999999999992088107e-01 2.000000000000000000e+00 0.000000000000000000e+00
7.499999999993406385e-01 2.000000000000000000e+00 0.000000000000000000e+00
7.999999999994724664e-01 2.000000000000000000e+00 0.000000000000000000e+00
8.499999999996044053e-01 2.000000000000000000e+00 0.000000000000000000e+00
8.999999999997362332e-01 2.000000000000000000e+00 0.000000000000000000e+00
9.499999999998681721e-01 2.000000000000000000e+00 0.000000000000000000e+00
9.499999999997917888e-01 2.000000000000000000e+00 1.000000000000000000e+00
8.999999999995835775e-01 2.000000000000000000e+00 1.000000000000000000e+00
8.499999999996530331e-01 2.000000000000000000e+00 1.000000000000000000e+00
8.000000000000000444e-01 2.000000000000000000e+00 1.000000000000000000e+00
7.500000000003470557e-01 2.000000000000000000e+00 1.000000000000000000e+00
7.000000000006938450e-01 2.000000000000000000e+00 1.000000000000000000e+00
6.500000000010406342e-01 2.000000000000000000e+00 1.000000000000000000e+00
6.000000000013874235e-01 2.000000000000000000e+00 1.000000000000000000e+00
5.500000000017343238e-01 2.000000000000000000e+00 1.000000000000000000e+00
5.000000000020594637e-01 2.000000000000000000e+00 1.000000000000000000e+00
4.500000000018730129e-01 2.000000000000000000e+00 1.000000000000000000e+00
4.000000000016650237e-01 2.000000000000000000e+00 1.000000000000000000e+00
3.500000000014568124e-01 2.000000000000000000e+00 1.000000000000000000e+00
3.000000000012487122e-01 2.000000000000000000e+00 1.000000000000000000e+00
2.500000000010406120e-01 2.000000000000000000e+00 1.000000000000000000e+00
2.000000000008325118e-01 2.000000000000000000e+00 1.000000000000000000e+00
1.500000000006244116e-01 2.000000000000000000e+00 1.000000000000000000e+00
1.000000000004162004e-01 2.000000000000000000e+00 1.000000000000000000e+00
5.000000000020810020e-02 2.000000000000000000e+00 1.000000000000000000e+00
0.000000000000000000e+00 1.000000000000000056e-01 0.000000000000000000e+00
0.000000000000000000e+00 2.000000000000000111e-01 0.000000000000000000e+00
0.000000000000000000e+00 2.999999999999999889e-01 0.000000000000000000e+00
0.000000000000000000e+00 4.000000000000000222e-01 0.000000000000000000e+00
0.000000000000000000e+00 5.000000000000000000e-01 0.000000000000000000e+00
0.000000000000000000e+00 5.999999999999999778e-01 0.000000000000000000e+00
0.000000000000000000e+00 6.999999999999999556e-01 0.000000000000000000e+00
0.000000000000000000e+00 8.000000000000000444e-01 0.000000000000000000e+00
0.000000000000000000e+00 9.000000000000000222e-01 0.000000000000000000e+00
0.000000000000000000e+00 1.000000000000000000e+00 0.000000000000000000e+00
0.000000000000000000e+00 1.100000000000000089e+00 0.000000000000000000e+00
0.000000000000000000e+00 1.199999999999999956e+00 0.000000000000000000e+00
0.000000000000000000e+00 1.300000000000000044e+00 0.000000000000000000e+00
0.000000000000000000e+00 1.399999999999999911e+00 0.000000000000000000e+00
0.000000000000000000e+00 1.500000000000000000e+00 0.000000000000000000e+00
0.000000000000000000e+00 1.600000000000000089e+00 0.000000000000000000e+00
0.000000000000000000e+00 1.699999999999999956e+00 0.000000000000000000e+00
0.000000000000000000e+00 1.800000000000000044e+00 0.000000000000000000e+00
0.000000000000000000e+00 1.899999999999999911e+00 0.000000000000000000e+00
1.000000000000000000e+00 1.000000000000000056e-01 0.000000000000000000e+00
1.000000000000000000e+00 2.000000000000000111e-01 0.000000000000000000e+00
1.000000000000000000e+00 2.999999999999999889e-01 0.000000000000000000e+00
1.000000000000000000e+00 4.000000000000000222e-01 0.000000000000000000e+00
1.000000000000000000e+00 5.000000000000000000e-01 0.000000000000000000e+00
1.000000000000000000e+00 5.999999999999999778e-01 0.000000000000000000e+00
1.000000000000000000e+00 6.999999999999999556e-01 0.000000000000000000e+00
1.000000000000000000e+00 8.000000000000000444e-01 0.000000000000000000e+00
1.000000000000000000e+00 9.000000000000000222e-01 0.000000000000000000e+00
1.000000000000000000e+00 1.000000000000000000e+00 0.000000000000000000e+00
1.000000000000000000e+00 1.100000000000000089e+00 0.000000000000000000e+00
1.000000000000000000e+00 1.199999999999999956e+00 0.000000000000000000e+00
1.000000000000000000e+00 1.300000000000000044e+00 0.000000000000000000e+00
1.000000000000000000e+00 1.399999999999999911e+00 0.000000000000000000e+00
1.000000000000000000e+00 1.500000000000000000e+00 0.000000000000000000e+00
1.000000000000000000e+00 1.600000000000000089e+00 0.000000000000000000e+00
1.000000000000000000e+00 1.699999999999999956e+00 0.000000000000000000e+00
1.000000000000000000e+00 1.800000000000000044e+00 0.000000000000000000e+00
1.000000000000000000e+00 1.899999999999999911e+00 0.000000000000000000e+00
1.000000000000000000e+00 1.000000000000000056e-01 1.000000000000000000e+00
1.000000000000000000e+00 2.000000000000000111e-01 1.000000000000000000e+00
1.000000000000000000e+00 2.999999999999999889e-01 1.000000000000000000e+00
1.000000000000000000e+00 4.000000000000000222e-01 1.000000000000000000e+00
1.000000000000000000e+00 5.000000000000000000e-01 1.000000000000000000e+00
1.000000000000000000e+00 5.999999999999999778e-01 1.000000000000000000e+00
1.000000000000000000e+00 6.999999999999999556e-01 1.000000000000000000e+00
1.000000000000000000e+00 8.000000000000000444e-01 1.000000000000000000e+00
1.000000000000000000e+00 9.000000000000000222e-01 1.000000000000000000e+00
1.000000000000000000e+00 1.000000000000000000e+00 1.000000000000000000e+00
1.000000000000000000e+00 1.100000000000000089e+00 1.000000000000000000e+00
1.000000000000000000e+00 1.199999999999999956e+00 1.000000000000000000e+00
1.000000000000000000e+00 1.300000000000000044e+00 1.000000000000000000e+00
1.000000000000000000e+00 1.399999999999999911e+00 1.000000000000000000e+00
1.000000000000000000e+00 1.500000000000000000e+00 1.000000000000000000e+00
1.000000000000000000e+00 1.600000000000000089e+00 1.000000000000000000e+00
1.000000000000000000e+00 1.699999999999999956e+00 1.000000000000000000e+00
1.000000000000000000e+00 1.800000000000000044e+00 1.000000000000000000e+00
1.000000000000000000e+00 1.899999999999999911e+00 1.000000000000000000e+00
0.000000000000000000e+00 1.000000000000000056e-01 1.000000000000000000e+00
0.000000000000000000e+00 2.000000000000000111e-01 1.000000000000000000e+00
0.000000000000000000e+00 2.999999999999999889e-01 1.000000000000000000e+00
0.000000000000000000e+00 4.000000000000000222e-01 1.000000000000000000e+00
0.000000000000000000e+00 5.000000000000000000e-01 1.000000000000000000e+00
0.000000000000000000e+00 5.999999999999999778e-01 1.000000000000000000e+00
0.000000000000000000e+00 6.999999999999999556e-01 1.000000000000000000e+00
0.000000000000000000e+00 8.000000000000000444e-01 1.000000000000000000e+00
0.000000000000000000e+00 9.000000000000000222e-01 1.000000000000000000e+00
0.000000000000000000e+00 1.000000000000000000e+00 1.000000000000000000e+00
0.000000000000000000e+00 1.100000000000000089e+00 1.000000000000000000e+00
0.000000000000000000e+00 1.199999999999999956e+00 1.000000000000000000e+00
0.000000000000000000e+00 1.300000000000000044e+00 1.000000000000000000e+00
0.000000000000000000e+00 1.399999999999999911e+00 1.000000000000000000e+00
0.000000000000000000e+00 1.500000000000000000e+00 1.000000000000000000e+00
0.000000000000000000e+00 1.600000000000000089e+00 1.000000000000000000e+00
0.000000000000000000e+00 1.699999999999999956e+00 1.000000000000000000e+00
0.000000000000000000e+00 1.800000000000000044e+00 1.000000000000000000e+00
0.000000000000000000e+00 1.899999999999999911e+00 1.000000000000000000e+00
4.999999999989940269e-02 1.000000000000000056e-01 0.000000000000000000e+00
4.999999999989940269e-02 2.000000000000000111e-01 0.000000000000000000e+00
4.999999999989940269e-02 2.999999999999999889e-01 0.000000000000000000e+00
4.999999999989940269e-02 4.000000000000000222e-01 0.000000000000000000e+00
4.999999999989940269e-02 5.000000000000000000e-01 0.000000000000000000e+00
4.999999999989940269e-02 5.999999999999999778e-01 0.000000000000000000e+00
4.999999999989940269e-02 6.999999999999999556e-01 0.000000000000000000e+00
4.999999999989940269e-02 8.000000000000000444e-01 0.000000000000000000e+00
4.999999999989940269e-02 9.000000000000000222e-01 0.000000000000000000e+00
4.999999999989940269e-02 1.000000000000000000e+00 0.000000000000000000e+00
4.999999999989940269e-02 1.100000000000000089e+00 0.000000000000000000e+00
4.999999999989940269e-02 1.199999999999999956e+00 0.000000000000000000e+00
4.999999999989940269e-02 1.300000000000000044e+00 0.000000000000000000e+00
4.999999999989940269e-02 1.399999999999999911e+00 0.000000000000000000e+00
4.999999999989940269e-02 1.500000000000000000e+00 0.000000000000000000e+00
4.999999999989940269e-02 1.600000000000000089e+00 0.000000000000000000e+00
4.999999999989940269e-02 1.699999999999999956e+00 0.000000000000000000e+00
4.999999999989940269e-02 1.800000000000000044e+00 0.000000000000000000e+00
4.999999999989940269e-02 1.899999999999999911e+00 0.000000000000000000e+00
9.999999999981414034e-02 1.000000000000000056e-01 0.000000000000000000e+00
9.999999999981414034e-02 2.000000000000000111e-01 0.000000000000000000e+00
9.999999999981414034e-02 2.999999999999999889e-01 0.000000000000000000e+00
9.999999999981414034e-02 4.000000000000000222e-01 0.000000000000000000e+00
9.999999999981414034e-02 5.000000000000000000e-01 0.000000000000000000e+00
9.999999999981414034e-02 5.999999999999999778e-01 0.000000000000000000e+00
9.999999999981414034e-02 6.999999999999999556e-01 0.000000000000000000e+00
9.999999999981414034e-02 8.000000000000000444e-01 0.000000000000000000e+00
9.999999999981414034e-02 9.000000000000000222e-01 0.000000000000000000e+00
9.999999999981414034e-02 1.000000000000000000e+00 0.000000000000000000e+00
9.999999999981414034e-02 1.100000000000000089e+00 0.000000000000000000e+00
9.999999999981414034e-02 1.199999999999999956e+00 0.000000000000000000e+00
9.999999999981414034e-02 1.300000000000000044e+00 0.000000000000000000e+00
9.999999999981414034e-02 1.399999999999999911e+00 0.000000000000000000e+00
9.999999999981414034e-02 1.500000000000000000e+00 0.000000000000000000e+00
9.999999999981414034e-02 1.600000000000000089e+00 0.000000000000000000e+00
9.999999999981414034e-02 1.699999999999999956e+00 0.000000000000000000e+00
9.999999999981414034e-02 1.800000000000000044e+00 0.000000000000000000e+00
9.999999999981414034e-02 1.899999999999999911e+00 0.000000000000000000e+00
1.499999999997028988e-01 1.000000000000000056e-01 0.000000000000000000e+00
1.499999999997028988e-01 2.000000000000000111e-01 0.000000000000000000e+00
1.499999999997028988e-01 2.999999999999999889e-01 0.000000000000000000e+00
1.499999999997028988e-01 4.000000000000000222e-01 0.000000000000000000e+00
1.499999999997028988e-01 5.000000000000000000e-01 0.000000000000000000e+00
1.499999999997028988e-01 5.999999999999999778e-01 0.000000000000000000e+00
1.499999999997028988e-01 6.999999999999999556e-01 0.000000000000000000e+00
1.499999999997028988e-01 8.000000000000000444e-01 0.000000000000000000e+00
1.499999999997028988e-01 9.000000000000000222e-01 0.000000000000000000e+00
1.499999999997028988e-01 1.000000000000000000e+00 0.000000000000000000e+00
1.499999999997028988e-01 1.100000000000000089e+00 0.000000000000000000e+00
1.499999999997028988e-01 1.199999999999999956e+00 0.000000000000000000e+00
1.499999999997028988e-01 1.300000000000000044e+00 0.000000000000000000e+00
1.499999999997028988e-01 1.399999999999999911e+00 0.000000000000000000e+00
1.499999999997028988e-01 1.500000000000000000e+00 0.000000000000000000e+00
1.499999999997028988e-01 1.600000000000000089e+00 0.000000000000000000e+00
1.499999999997028988e-01 1.699999999999999956e+00 0.000000000000000000e+00
1.499999999997028988e-01 1.800000000000000044e+00 0.000000000000000000e+00
1.499999999997028988e-01 1.899999999999999911e+00 0.000000000000000000e+00
1.999999999995568933e-01 1.000000000000000056e-01 0.000000000000000000e+00
1.999999999995568933e-01 2.000000000000000111e-01 0.000000000000000000e+00
1.999999999995568933e-01 2.999999999999999889e-01 0.000000000000000000e+00
1.999999999995568933e-01 4.000000000000000222e-01 0.000000000000000000e+00
1.999999999995568933e-01 5.000000000000000000e-01 0.000000000000000000e+00
1.999999999995568933e-01 5.999999999999999778e-01 0.000000000000000000e+00
1.999999999995568933e-01 6.999999999999999556e-01 0.000000000000000000e+00
1.999999999995568933e-01 8.000000000000000444e-01 0.000000000000000000e+00
1.999999999995568933e-01 9.000000000000000222e-01 0.000000000000000000e+00
1.999999999995568933e-01 1.000000000000000000e+00 0.000000000000000000e+00
1.999999999995568933e-01 1.100000000000000089e+00 0.000000000000000000e+00
1.999999999995568933e-01 1.199999999999999956e+00 0.000000000000000000e+00
1.999999999995568933e-01 1.300000000000000044e+00 0.000000000000000000e+00
1.999999999995568933e-01 1.399999999999999911e+00 0.000000000000000000e+00
1.999999999995568933e-01 1.500000000000000000e+00 0.000000000000000000e+00
1.999999999995568933e-01 1.600000000000000089e+00 0.000000000000000000e+00
1.999999999995568933e-01 1.699999999999999956e+00 0.000000000000000000e+00
1.999999999995568933e-01 1.800000000000000044e+00 0.000000000000000000e+00
1.999999999995568933e-01 1.899999999999999911e+00 0.000000000000000000e+00
2.499999999994108879e-01 1.000000000000000056e-01 0.000000000000000000e+00
2.499999999994108879e-01 2.000000000000000111e-01 0.000000000000000000e+00
2.499999999994108879e-01 2.999999999999999889e-01 0.000000000000000000e+00
2.499999999994108879e-01 4.000000000000000222e-01 0.000000000000000000e+00
2.499999999994108879e-01 5.000000000000000000e-01 0.000000000000000000e+00
2.499999999994108879e-01 5.999999999999999778e-01 0.000000000000000000e+00
2.499999999994108879e-01 6.999999999999999556e-01 0.000000000000000000e+00
2.499999999994108879e-01 8.000000000000000444e-01 0.000000000000000000e+00
2.499999999994108879e-01 9.000000000000000222e-01 0.000000000000000000e+00
2.499999999994108879e-01 1.000000000000000000e+00 0.000000000000000000e+00
2.499999999994108879e-01 1.100000000000000089e+00 0.000000000000000000e+00
2.499999999994108879e-01 1.199999999999999956e+00 0.000000000000000000e+00
2.499999999994108879e-01 1.300000000000000044e+00 0.000000000000000000e+00
2.499999999994108879e-01 1.399999999999999911e+00 0.000000000000000000e+00
2.499999999994108879e-01 1.500000000000000000e+00 0.000000000000000000e+00
2.499999999994108879e-01 1.600000000000000089e+00 0.000000000000000000e+00
2.499999999994108879e-01 1.699999999999999956e+00 0.000000000000000000e+00
2.499999999994108879e-01 1.800000000000000044e+00 0.000000000000000000e+00
2.499999999994108879e-01 1.899999999999999911e+00 0.000000000000000000e+00
2.999999999992650213e-01 1.000000000000000056e-01 0.000000000000000000e+00
2.999999999992650213e-01 2.000000000000000111e-01 0.000000000000000000e+00
2.999999999992650213e-01 2.999999999999999889e-01 0.000000000000000000e+00
2.999999999992650213e-01 4.000000000000000222e-01 0.000000000000000000e+00
2.999999999992650213e-01 5.000000000000000000e-01 0.000000000000000000e+00
2.999999999992650213e-01 5.999999999999999778e-01 0.000000000000000000e+00
2.999999999992650213e-01 6.999999999999999556e-01 0.000000000000000000e+00
2.999999999992650213e-01 8.000000000000000444e-01 0.000000000000000000e+00
2.999999999992650213e-01 9.000000000000000222e-01 0.000000000000000000e+00
2.999999999992650213e-01 1.000000000000000000e+00 0.000000000000000000e+00
2.999999999992650213e-01 1.100000000000000089e+00 0.000000000000000000e+00
2.999999999992650213e-01 1.199999999999999956e+00 0.000000000000000000e+00
2.999999999992650213e-01 1.300000000000000044e+00 0.000000000000000000e+00
2.999999999992650213e-01 1.399999999999999911e+00 0.000000000000000000e+00
2.999999999992650213e-01 1.500000000000000000e+00 0.000000000000000000e+00
2.999999999992650213e-01 1.600000000000000089e+00 0.000000000000000000e+00
2.999999999992650213e-01 1.699999999999999956e+00 0.000000000000000000e+00
2.999999999992650213e-01 1.800000000000000044e+00 0.000000000000000000e+00
2.999999999992650213e-01 1.899999999999999911e+00 0.000000000000000000e+00
3.499999999991191268e-01 1.000000000000000056e-01 0.000000000000000000e+00
3.499999999991191268e-01 2.000000000000000111e-01 0.000000000000000000e+00
3.499999999991191268e-01 2.999999999999999889e-01 0.000000000000000000e+00
3.499999999991191268e-01 4.000000000000000222e-01 0.000000000000000000e+00
3.499999999991191268e-01 5.000000000000000000e-01 0.000000000000000000e+00
3.499999999991191268e-01 5.999999999999999778e-01 0.000000000000000000e+00
3.499999999991191268e-01 6.999999999999999556e-01 0.000000000000000000e+00
3.499999999991191268e-01 8.000000000000000444e-01 0.000000000000000000e+00
3.499999999991191268e-01 9.000000000000000222e-01 0.000000000000000000e+00
3.499999999991191268e-01 1.000000000000000000e+00 0.000000000000000000e+00
3.499999999991191268e-01 1.100000000000000089e+00 0.000000000000000000e+00
3.499999999991191268e-01 1.199999999999999956e+00 0.000000000000000000e+00
3.499999999991191268e-01 1.300000000000000044e+00 0.000000000000000000e+00
3.499999999991191268e-01 1.399999999999999911e+00 0.000000000000000000e+00
3.499999999991191268e-01 1.500000000000000000e+00 0.000000000000000000e+00
3.499999999991191268e-01 1.600000000000000089e+00 0.000000000000000000e+00
3.499999999991191268e-01 1.699999999999999956e+00 0.000000000000000000e+00
3.499999999991191268e-01 1.800000000000000044e+00 0.000000000000000000e+00
3.499999999991191268e-01 1.899999999999999911e+00 0.000000000000000000e+00
3.999999999989731214e-01 1.000000000000000056e-01 0.000000000000000000e+00
3.999999999989731214e-01 2.000000000000000111e-01 0.000000000000000000e+00
3.999999999989731214e-01 2.999999999999999889e-01 0.000000000000000000e+00
3.999999999989731214e-01 4.000000000000000222e-01 0.000000000000000000e+00
3.999999999989731214e-01 5.000000000000000000e-01 0.000000000000000000e+00
3.999999999989731214e-01 5.999999999999999778e-01 0.000000000000000000e+00
3.999999999989731214e-01 6.999999999999999556e-01 0.000000000000000000e+00
3.999999999989731214e-01 8.000000000000000444e-01 0.000000000000000000e+00
3.999999999989731214e-01 9.000000000000000222e-01 0.000000000000000000e+00
3.999999999989731214e-01 1.000000000000000000e+00 0.000000000000000000e+00
3.999999999989731214e-01 1.100000000000000089e+00 0.000000000000000000e+00
3.999999999989731214e-01 1.199999999999999956e+00 0.000000000000000000e+00
3.999999999989731214e-01 1.300000000000000044e+00 0.000000000000000000e+00
3.999999999989731214e-01 1.399999999999999911e+00 0.000000000000000000e+00
3.999999999989731214e-01 1.500000000000000000e+00 0.000000000000000000e+00
3.999999999989731214e-01 1.600000000000000089e+00 0.000000000000000000e+00
3.999999999989731214e-01 1.699999999999999956e+00 0.000000000000000000e+00
3.999999999989731214e-01 1.800000000000000044e+00 0.000000000000000000e+00
3.999999999989731214e-01 1.899999999999999911e+00 0.000000000000000000e+00
4.499999999988272270e-01 1.000000000000000056e-01 0.000000000000000000e+00
4.499999999988272270e-01 2.000000000000000111e-01 0.000000000000000000e+00
4.499999999988272270e-01 2.999999999999999889e-01 0.000000000000000000e+00
4.499999999988272270e-01 4.000000000000000222e-01 0.000000000000000000e+00
4.499999999988272270e-01 5.000000000000000000e-01 0.000000000000000000e+00
4.499999999988272270e-01 5.999999999999999778e-01 0.000000000000000000e+00
4.499999999988272270e-01 6.999999999999999556e-01 0.000000000000000000e+00
4.499999999988272270e-01 8.000000000000000444e-01 0.000000000000000000e+00
4.499999999988272270e-01 9.000000000000000222e-01 0.000000000000000000e+00
4.499999999988272270e-01 1.000000000000000000e+00 0.000000000000000000e+00
4.499999999988272270e-01 1.100000000000000089e+00 0.000000000000000000e+00
4.499999999988272270e-01 1.199999999999999956e+00 0.000000000000000000e+00
4.499999999988272270e-01 1.300000000000000044e+00 0.000000000000000000e+00
4.499999999988272270e-01 1.399999999999999911e+00 0.000000000000000000e+00
4.499999999988272270e-01 1.500000000000000000e+00 0.000000000000000000e+00
4.499999999988272270e-01 1.600000000000000089e+00 0.000000000000000000e+00
4.499999999988272270e-01 1.699999999999999956e+00 0.000000000000000000e+00
4.499999999988272270e-01 1.800000000000000044e+00 0.000000000000000000e+00
4.499999999988272270e-01 1.899999999999999911e+00 0.000000000000000000e+00
4.999999999986921018e-01 1.000000000000000056e-01 0.000000000000000000e+00
4.999999999986921018e-01 2.000000000000000111e-01 0.000000000000000000e+00
4.999999999986921018e-01 2.999999999999999889e-01 0.000000000000000000e+00
4.999999999986921018e-01 4.000000000000000222e-01 0.000000000000000000e+00
4.999999999986921018e-01 5.000000000000000000e-01 0.000000000000000000e+00
4.999999999986921018e-01 5.999999999999999778e-01 0.000000000000000000e+00
4.999999999986921018e-01 6.999999999999999556e-01 0.000000000000000000e+00
4.999999999986921018e-01 8.000000000000000444e-01 0.000000000000000000e+00
4.999999999986921018e-01 9.000000000000000222e-01 0.000000000000000000e+00
4.999999999986921018e-01 1.000000000000000000e+00 0.000000000000000000e+00
4.999999999986921018e-01 1.100000000000000089e+00 0.000000000000000000e+00
4.999999999986921018e-01 1.199999999999999956e+00 0.000000000000000000e+00
4.999999999986921018e-01 1.300000000000000044e+00 0.000000000000000000e+00
4.999999999986921018e-01 1.399999999999999911e+00 0.000000000000000000e+00
4.999999999986921018e-01 1.500000000000000000e+00 0.000000000000000000e+00
4.999999999986921018e-01 1.600000000000000089e+00 0.000000000000000000e+00
4.999999999986921018e-01 1.699999999999999956e+00 0.000000000000000000e+00
4.999999999986921018e-01 1.800000000000000044e+00 0.000000000000000000e+00
4.999999999986921018e-01 1.899999999999999911e+00 0.000000000000000000e+00
5.499999999988131050e-01 1.000000000000000056e-01 0.000000000000000000e+00
5.499999999988131050e-01 2.000000000000000111e-01 0.000000000000000000e+00
5.499999999988131050e-01 2.999999999999999889e-01 0.000000000000000000e+00
5.499999999988131050e-01 4.000000000000000222e-01 0.000000000000000000e+00
5.499999999988131050e-01 5.000000000000000000e-01 0.000000000000000000e+00
5.499999999988131050e-01 5.999999999999999778e-01 0.000000000000000000e+00
5.499999999988131050e-01 6.999999999999999556e-01 0.000000000000000000e+00
5.499999999988131050e-01 8.000000000000000444e-01 0.000000000000000000e+00
5.499999999988131050e-01 9.000000000000000222e-01 0.000000000000000000e+00
5.499999999988131050e-01 1.000000000000000000e+00 0.000000000000000000e+00
5.499999999988131050e-01 1.100000000000000089e+00 0.000000000000000000e+00
5.499999999988131050e-01 1.199999999999999956e+00 0.000000000000000000e+00
5.499999999988131050e-01 1.300000000000000044e+00 0.000000000000000000e+00
5.499999999988131050e-01 1.399999999999999911e+00 0.000000000000000000e+00
5.499999999988131050e-01 1.500000000000000000e+00 0.000000000000000000e+00
5.499999999988131050e-01 1.600000000000000089e+00 0.000000000000000000e+00
5.499999999988131050e-01 1.699999999999999956e+00 0.000000000000000000e+00
5.499999999988131050e-01 1.800000000000000044e+00 0.000000000000000000e+00
5.499999999988131050e-01 1.899999999999999911e+00 0.000000000000000000e+00
5.999999999989450439e-01 1.000000000000000056e-01 0.000000000000000000e+00
5.999999999989450439e-01 2.000000000000000111e-01 0.000000000000000000e+00
5.999999999989450439e-01 2.999999999999999889e-01 0.000000000000000000e+00
5.999999999989450439e-01 4.000000000000000222e-01 0.000000000000000000e+00
5.999999999989450439e-01 5.000000000000000000e-01 0.000000000000000000e+00
5.999999999989450439e-01 5.999999999999999778e-01 0.000000000000000000e+00
5.999999999989450439e-01 6.999999999999999556e-01 0.000000000000000000e+00
5.999999999989450439e-01 8.000000000000000444e-01 0.000000000000000000e+00
5.999999999989450439e-01 9.000000000000000222e-01 0.000000000000000000e+00
5.999999999989450439e-01 1.000000000000000000e+00 0.000000000000000000e+00
5.999999999989450439e-01 1.100000000000000089e+00 0.000000000000000000e+00
5.999999999989450439e-01 1.199999999999999956e+00 0.000000000000000000e+00
5.999999999989450439e-01 1.300000000000000044e+00 0.000000000000000000e+00
5.999999999989450439e-01 1.399999999999999911e+00 0.000000000000000000e+00
5.999999999989450439e-01 1.500000000000000000e+00 0.000000000000000000e+00
5.999999999989450439e-01 1.600000000000000089e+00 0.000000000000000000e+00
5.999999999989450439e-01 1.699999999999999956e+00 0.000000000000000000e+00
5.999999999989450439e-01 1.800000000000000044e+00 0.000000000000000000e+00
5.999999999989450439e-01 1.899999999999999911e+00 0.000000000000000000e+00
6.499999999990768718e-01 1.000000000000000056e-01 0.000000000000000000e+00
6.499999999990768718e-01 2.000000000000000111e-01 0.000000000000000000e+00
6.499999999990768718e-01 2.999999999999999889e-01 0.000000000000000000e+00
6.499999999990768718e-01 4.000000000000000222e-01 0.000000000000000000e+00
6.499999999990768718e-01 5.000000000000000000e-01 0.000000000000000000e+00
6.499999999990768718e-01 5.999999999999999778e-01 0.000000000000000000e+00
6.499999999990768718e-01 6.999999999999999556e-01 0.000000000000000000e+00
6.499999999990768718e-01 8.000000000000000444e-01 0.000000000000000000e+00
6.499999999990768718e-01 9.000000000000000222e-01 0.000000000000000000e+00
6.499999999990768718e-01 1.000000000000000000e+00 0.000000000000000000e+00
6.499999999990768718e-01 1.100000000000000089e+00 0.000000000000000000e+00
6.499999999990768718e-01 1.199999999999999956e+00 0.000000000000000000e+00
6.499999999990768718e-01 1.300000000000000044e+00 0.000000000000000000e+00
6.499999999990768718e-01 1.399999999999999911e+00 0.000000000000000000e+00
6.499999999990768718e-01 1.500000000000000000e+00 0.000000000000000000e+00
6.499999999990768718e-01 1.600000000000000089e+00 0.000000000000000000e+00
6.499999999990768718e-01 1.699999999999999956e+00 0.000000000000000000e+00
6.499999999990768718e-01 1.800000000000000044e+00 0.000000000000000000e+00
6.499999999990768718e-01 1.899999999999999911e+00 0.000000000000000000e+00
6.999999999992088107e-01 1.000000000000000056e-01 0.000000000000000000e+00
6.999999999992088107e-01 2.000000000000000111e-01 0.000000000000000000e+00
6.999999999992088107e-01 2.999999999999999889e-01 0.000000000000000000e+00
6.999999999992088107e-01 4.000000000000000222e-01 0.000000000000000000e+00
6.999999999992088107e-01 5.000000000000000000e-01 0.000000000000000000e+00
6.999999999992088107e-01 5.999999999999999778e-01 0.000000000000000000e+00
6.999999999992088107e-01 6.999999999999999556e-01 0.000000000000000000e+00
6.999999999992088107e-01 8.000000000000000444e-01 0.000000000000000000e+00
6.999999999992088107e-01 9.000000000000000222e-01 0.000000000000000000e+00
6.999999999992088107e-01 1.000000000000000000e+00 0.000000000000000000e+00
6.999999999992088107e-01 1.100000000000000089e+00 0.000000000000000000e+00
6.999999999992088107e-01 1.199999999999999956e+00 0.000000000000000000e+00
6.999999999992088107e-01 1.300000000000000044e+00 0.000000000000000000e+00
6.999999999992088107e-01 1.399999999999999911e+00 0.000000000000000000e+00
6.999999999992088107e-01 1.500000000000000000e+00 0.000000000000000000e+00
6.999999999992088107e-01 1.600000000000000089e+00 0.000000000000000000e+00
6.999999999992088107e-01 1.699999999999999956e+00 0.000000000000000000e+00
6.999999999992088107e-01 1.800000000000000044e+00 0.000000000000000000e+00
6.999999999992088107e-01 1.899999999999999911e+00 0.000000000000000000e+00
7.499999999993406385e-01 1.000000000000000056e-01 0.000000000000000000e+00
7.499999999993406385e-01 2.000000000000000111e-01 0.000000000000000000e+00
7.499999999993406385e-01 2.999999999999999889e-01 0.000000000000000000e+00
7.499999999993406385e-01 4.000000000000000222e-01 0.000000000000000000e+00
7.499999999993406385e-01 5.000000000000000000e-01 0.000000000000000000e+00
7.499999999993406385e-01 5.999999999999999778e-01 0.000000000000000000e+00
7.499999999993406385e-01 6.999999999999999556e-01 0.000000000000000000e+00
7.499999999993406385e-01 8.000000000000000444e-01 0.000000000000000000e+00
7.499999999993406385e-01 9.000000000000000222e-01 0.000000000000000000e+00
7.499999999993406385e-01 1.000000000000000000e+00 0.000000000000000000e+00
7.499999999993406385e-01 1.100000000000000089e+00 0.000000000000000000e+00
7.499999999993406385e-01 1.199999999999999956e+00 0.000000000000000000e+00
7.499999999993406385e-01 1.300000000000000044e+00 0.000000000000000000e+00
7.499999999993406385e-01 1.399999999999999911e+00 0.000000000000000000e+00
7.499999999993406385e-01 1.500000000000000000e+00 0.000000000000000000e+00
7.499999999993406385e-01 1.600000000000000089e+00 0.000000000000000000e+00
7.499999999993406385e-01 1.699999999999999956e+00 0.000000000000000000e+00
7.499999999993406385e-01 1.800000000000000044e+00 0.000000000000000000e+00
7.499999999993406385e-01 1.899999999999999911e+00 0.000000000000000000e+00
7.999999999994724664e-01 1.000000000000000056e-01 0.000000000000000000e+00
7.999999999994724664e-01 2.000000000000000111e-01 0.000000000000000000e+00
7.999999999994724664e-01 2.999999999999999889e-01 0.000000000000000000e+00
7.999999999994724664e-01 4.000000000000000222e-01 0.000000000000000000e+00
7.999999999994724664e-01 5.000000000000000000e-01 0.000000000000000000e+00
7.999999999994724664e-01 5.999999999999999778e-01 0.000000000000000000e+00
7.999999999994724664e-01 6.999999999999999556e-01 0.000000000000000000e+00
7.999999999994724664e-01 8.000000000000000444e-01 0.000000000000000000e+00
7.999999999994724664e-01 9.000000000000000222e-01 0.000000000000000000e+00
7.999999999994724664e-01 1.000000000000000000e+00 0.000000000000000000e+00
7.999999999994724664e-01 1.100000000000000089e+00 0.000000000000000000e+00
7.999999999994724664e-01 1.199999999999999956e+00 0.000000000000000000e+00
7.999999999994724664e-01 1.300000000000000044e+00 0.000000000000000000e+00
7.999999999994724664e-01 1.399999999999999911e+00 0.000000000000000000e+00
7.999999999994724664e-01 1.500000000000000000e+00 0.000000000000000000e+00
7.999999999994724664e-01 1.600000000000000089e+00 0.000000000000000000e+00
7.999999999994724664e-01 1.699999999999999956e+00 0.000000000000000000e+00
7.999999999994724664e-01 1.800000000000000044e+00 0.000000000000000000e+00
7.999999999994724664e-01 1.899999999999999911e+00 0.000000000000000000e+00
8.499999999996044053e-01 1.000000000000000056e-01 0.000000000000000000e+00
8.499999999996044053e-01 2.000000000000000111e-01 0.000000000000000000e+00
8.499999999996044053e-01 2.999999999999999889e-01 0.000000000000000000e+00
8.499999999996044053e-01 4.000000000000000222e-01 0.000000000000000000e+00
8.499999999996044053e-01 5.000000000000000000e-01 0.000000000000000000e+00
8.499999999996044053e-01 5.999999999999999778e-01 0.000000000000000000e+00
8.499999999996044053e-01 6.999999999999999556e-01 0.000000000000000000e+00
8.499999999996044053e-01 8.000000000000000444e-01 0.000000000000000000e+00
8.499999999996044053e-01 9.000000000000000222e-01 0.000000000000000000e+00
8.499999999996044053e-01 1.000000000000000000e+00 0.000000000000000000e+00
8.499999999996044053e-01 1.100000000000000089e+00 0.000000000000000000e+00
8.499999999996044053e-01 1.199999999999999956e+00 0.000000000000000000e+00
8.499999999996044053e-01 1.300000000000000044e+00 0.000000000000000000e+00
8.499999999996044053e-01 1.399999999999999911e+00 0.000000000000000000e+00
8.499999999996044053e-01 1.500000000000000000e+00 0.000000000000000000e+00
8.499999999996044053e-01 1.600000000000000089e+00 0.000000000000000000e+00
8.499999999996044053e-01 1.699999999999999956e+00 0.000000000000000000e+00
8.499999999996044053e-01 1.800000000000000044e+00 0.000000000000000000e+00
8.499999999996044053e-01 1.899999999999999911e+00 0.000000000000000000e+00
8.999999999997362332e-01 1.000000000000000056e-01 0.000000000000000000e+00
8.999999999997362332e-01 2.000000000000000111e-01 0.000000000000000000e+00
8.999999999997362332e-01 2.999999999999999889e-01 0.000000000000000000e+00
8.999999999997362332e-01 4.000000000000000222e-01 0.000000000000000000e+00
8.999999999997362332e-01 5.000000000000000000e-01 0.000000000000000000e+00
8.999999999997362332e-01 5.999999999999999778e-01 0.000000000000000000e+00
8.999999999997362332e-01 6.999999999999999556e-01 0.000000000000000000e+00
8.999999999997362332e-01 8.000000000000000444e-01 0.000000000000000000e+00
8.999999999997362332e-01 9.000000000000000222e-01 0.000000000000000000e+00
8.999999999997362332e-01 1.000000000000000000e+00 0.000000000000000000e+00
8.999999999997362332e-01 1.100000000000000089e+00 0.000000000000000000e+00
8.999999999997362332e-01 1.199999999999999956e+00 0.000000000000000000e+00
8.999999999997362332e-01 1.300000000000000044e+00 0.000000000000000000e+00
8.999999999997362332e-01 1.399999999999999911e+00 0.000000000000000000e+00
8.999999999997362332e-01 1.500000000000000000e+00 0.000000000000000000e+00
8.999999999997362332e-01 1.600000000000000089e+00 0.000000000000000000e+00
8.999999999997362332e-01 1.699999999999999956e+00 0.000000000000000000e+00
8.999999999997362332e-01 1.800000000000000044e+00 0.000000000000000000e+00
8.999999999997362332e-01 1.899999999999999911e+00 0.000000000000000000e+00
9.499999999998681721e-01 1.000000000000000056e-01 0.000000000000000000e+00
9.499999999998681721e-01 2.000000000000000111e-01 0.000000000000000000e+00
9.499999999998681721e-01 2.999999999999999889e-01 0.000000000000000000e+00
9.499999999998681721e-01 4.000000000000000222e-01 0.000000000000000000e+00
9.499999999998681721e-01 5.000000000000000000e-01 0.000000000000000000e+00
9.499999999998681721e-01 5.999999999999999778e-01 0.000000000000000000e+00
9.499999999998681721e-01 6.999999999999999556e-01 0.000000000000000000e+00
9.499999999998681721e-01 8.000000000000000444e-01 0.000000000000000000e+00
9.499999999998681721e-01 9.000000000000000222e-01 0.000000000000000000e+00
9.499999999998681721e-01 1.000000000000000000e+00 0.000000000000000000e+00
9.499999999998681721e-01 1.100000000000000089e+00 0.000000000000000000e+00
9.499999999998681721e-01 1.199999999999999956e+00 0.000000000000000000e+00
9.499999999998681721e-01 1.300000000000000044e+00 0.000000000000000000e+00
9.499999999998681721e-01 1.399999999999999911e+00 0.000000000000000000e+00
9.499999999998681721e-01 1.500000000000000000e+00 0.000000000000000000e+00
9.499999999998681721e-01 1.600000000000000089e+00 0.000000000000000000e+00
9.499999999998681721e-01 1.699999999999999956e+00 0.000000000000000000e+00
9.499999999998681721e-01 1.800000000000000044e+00 0.000000000000000000e+00
9.499999999998681721e-01 1.899999999999999911e+00 0.000000000000000000e+00
9.499999999997917888e-01 1.000000000000000056e-01 1.000000000000000000e+00
9.499999999997917888e-01 2.000000000000000111e-01 1.000000000000000000e+00
9.499999999997917888e-01 2.999999999999999889e-01 1.000000000000000000e+00
9.499999999997917888e-01 4.000000000000000222e-01 1.000000000000000000e+00
9.499999999997917888e-01 5.000000000000000000e-01 1.000000000000000000e+00
9.499999999997917888e-01 5.999999999999999778e-01 1.000000000000000000e+00
9.499999999997917888e-01 6.999999999999999556e-01 1.000000000000000000e+00
9.499999999997917888e-01 8.000000000000000444e-01 1.000000000000000000e+00
9.499999999997917888e-01 9.000000000000000222e-01 1.000000000000000000e+00
9.499999999997917888e-01 1.000000000000000000e+00 1.000000000000000000e+00
9.499999999997917888e-01 1.100000000000000089e+00 1.000000000000000000e+00
9.499999999997917888e-01 1.199999999999999956e+00 1.000000000000000000e+00
9.499999999997917888e-01 1.300000000000000044e+00 1.000000000000000000e+00
9.499999999997917888e-01 1.399999999999999911e+00 1.000000000000000000e+00
9.499999999997917888e-01 1.500000000000000000e+00 1.000000000000000000e+00
9.499999999997917888e-01 1.600000000000000089e+00 1.000000000000000000e+00
9.499999999997917888e-01 1.699999999999999956e+00 1.000000000000000000e+00
9.499999999997917888e-01 1.800000000000000044e+00 1.000000000000000000e+00
9.499999999997917888e-01 1.899999999999999911e+00 1.000000000000000000e+00
8.999999999995835775e-01 1.000000000000000056e-01 1.000000000000000000e+00
8.999999999995835775e-01 2.000000000000000111e-01 1.000000000000000000e+00
8.999999999995835775e-01 2.999999999999999889e-01 1.000000000000000000e+00
8.999999999995835775e-01 4.000000000000000222e-01 1.000000000000000000e+00
8.999999999995835775e-01 5.000000000000000000e-01 1.000000000000000000e+00
8.999999999995835775e-01 5.999999999999999778e-01 1.000000000000000000e+00
8.999999999995835775e-01 6.999999999999999556e-01 1.000000000000000000e+00
8.999999999995835775e-01 8.000000000000000444e-01 1.000000000000000000e+00
8.999999999995835775e-01 9.000000000000000222e-01 1.000000000000000000e+00
8.999999999995835775e-01 1.000000000000000000e+00 1.000000000000000000e+00
8.999999999995835775e-01 1.100000000000000089e+00 1.000000000000000000e+00
8.999999999995835775e-01 1.199999999999999956e+00 1.000000000000000000e+00
8.999999999995835775e-01 1.300000000000000044e+00 1.000000000000000000e+00
8.999999999995835775e-01 1.399999999999999911e+00 1.000000000000000000e+00
8.999999999995835775e-01 1.500000000000000000e+00 1.000000000000000000e+00
8.999999999995835775e-01 1.600000000000000089e+00 1.000000000000000000e+00
8.999999999995835775e-01 1.699999999999999956e+00 1.000000000000000000e+00
8.999999999995835775e-01 1.800000000000000044e+00 1.000000000000000000e+00
8.999999999995835775e-01 1.899999999999999911e+00 1.000000000000000000e+00
8.499999999996530331e-01 1.000000000000000056e-01 1.000000000000000000e+00
8.499999999996530331e-01 2.000000000000000111e-01 1.000000000000000000e+00
8.499999999996530331e-01 2.999999999999999889e-01 1.000000000000000000e+00
8.499999999996530331e-01 4.000000000000000222e-01 1.000000000000000000e+00
8.499999999996530331e-01 5.000000000000000000e-01 1.000000000000000000e+00
8.499999999996530331e-01 5.999999999999999778e-01 1.000000000000000000e+00
8.499999999996530331e-01 6.999999999999999556e-01 1.000000000000000000e+00
8.499999999996530331e-01 8.000000000000000444e-01 1.000000000000000000e+00
8.499999999996530331e-01 9.000000000000000222e-01 1.000000000000000000e+00
8.499999999996530331e-01 1.000000000000000000e+00 1.000000000000000000e+00
8.499999999996530331e-01 1.100000000000000089e+00 1.000000000000000000e+00
8.499999999996530331e-01 1.199999999999999956e+00 1.000000000000000000e+00
8.499999999996530331e-01 1.300000000000000044e+00 1.000000000000000000e+00
8.499999999996530331e-01 1.399999999999999911e+00 1.000000000000000000e+00
8.499999999996530331e-01 1.500000000000000000e+00 1.000000000000000000e+00
8.499999999996530331e-01 1.600000000000000089e+00 1.000000000000000000e+00
8.499999999996530331e-01 1.699999999999999956e+00 1.000000000000000000e+00
8.499999999996530331e-01 1.800000000000000044e+00 1.000000000000000000e+00
8.499999999996530331e-01 1.899999999999999911e+00 1.000000000000000000e+00
8.000000000000000444e-01 1.000000000000000056e-01 1.000000000000000000e+00
8.000000000000000444e-01 2.000000000000000111e-01 1.000000000000000000e+00
8.000000000000000444e-01 2.999999999999999889e-01 1.000000000000000000e+00
8.000000000000000444e-01 4.000000000000000222e-01 1.000000000000000000e+00
8.000000000000000444e-01 5.000000000000000000e-01 1.000000000000000000e+00
8.000000000000000444e-01 5.999999999999999778e-01 1.000000000000000000e+00
8.000000000000000444e-01 6.999999999999999556e-01 1.000000000000000000e+00
8.000000000000000444e-01 8.000000000000000444e-01 1.000000000000000000e+00
8.000000000000000444e-01 9.000000000000000222e-01 1.000000000000000000e+00
8.000000000000000444e-01 1.000000000000000000e+00 1.000000000000000000e+00
8.000000000000000444e-01 1.100000000000000089e+00 1.000000000000000000e+00
8.000000000000000444e-01 1.199999999999999956e+00 1.000000000000000000e+00
8.000000000000000444e-01 1.300000000000000044e+00 1.000000000000000000e+00
8.000000000000000444e-01 1.399999999999999911e+00 1.000000000000000000e+00
8.000000000000000444e-01 1.500000000000000000e+00 1.000000000000000000e+00
8.000000000000000444e-01 1.600000000000000089e+00 1.000000000000000000e+00
8.000000000000000444e-01 1.699999999999999956e+00 1.000000000000000000e+00
8.000000000000000444e-01 1.800000000000000044e+00 1.000000000000000000e+00
8.000000000000000444e-01 1.899999999999999911e+00 1.000000000000000000e+00
7.500000000003470557e-01 1.000000000000000056e-01 1.000000000000000000e+00
7.500000000003470557e-01 2.000000000000000111e-01 1.000000000000000000e+00
7.500000000003470557e-01 2.999999999999999889e-01 1.000000000000000000e+00
7.500000000003470557e-01 4.000000000000000222e-01 1.000000000000000000e+00
7.500000000003470557e-01 5.000000000000000000e-01 1.000000000000000000e+00
7.500000000003470557e-01 5.999999999999999778e-01 1.000000000000000000e+00
7.500000000003470557e-01 6.999999999999999556e-01 1.000000000000000000e+00
7.500000000003470557e-01 8.000000000000000444e-01 1.000000000000000000e+00
7.500000000003470557e-01 9.000000000000000222e-01 1.000000000000000000e+00
7.500000000003470557e-01 1.000000000000000000e+00 1.000000000000000000e+00
7.500000000003470557e-01 1.100000000000000089e+00 1.000000000000000000e+00
7.500000000003470557e-01 1.199999999999999956e+00 1.000000000000000000e+00
7.500000000003470557e-01 1.300000000000000044e+00 1.000000000000000000e+00
7.500000000003470557e-01 1.399999999999999911e+00 1.000000000000000000e+00
7.500000000003470557e-01 1.500000000000000000e+00 1.000000000000000000e+00
7.500000000003470557e-01 1.600000000000000089e+00 1.000000000000000000e+00
7.500000000003470557e-01 1.699999999999999956e+00 1.000000000000000000e+00
7.500000000003470557e-01 1.800000000000000044e+00 1.000000000000000000e+00
7.500000000003470557e-01 1.899999999999999911e+00 1.000000000000000000e+00
7.000000000006938450e-01 1.000000000000000056e-01 1.000000000000000000e+00
7.000000000006938450e-01 2.000000000000000111e-01 1.000000000000000000e+00
7.000000000006938450e-01 2.999999999999999889e-01 1.000000000000000000e+00
7.000000000006938450e-01 4.000000000000000222e-01 1.000000000000000000e+00
7.000000000006938450e-01 5.000000000000000000e-01 1.000000000000000000e+00
7.000000000006938450e-01 5.999999999999999778e-01 1.000000000000000000e+00
7.000000000006938450e-01 6.999999999999999556e-01 1.000000000000000000e+00
7.000000000006938450e-01 8.000000000000000444e-01 1.000000000000000000e+00
7.000000000006938450e-01 9.000000000000000222e-01 1.000000000000000000e+00
7.000000000006938450e-01 1.000000000000000000e+00 1.000000000000000000e+00
7.000000000006938450e-01 1.100000000000000089e+00 1.000000000000000000e+00
7.000000000006938450e-01 1.199999999999999956e+00 1.000000000000000000e+00
7.000000000006938450e-01 1.300000000000000044e+00 1.000000000000000000e+00
7.000000000006938450e-01 1.399999999999999911e+00 1.000000000000000000e+00
7.000000000006938450e-01 1.500000000000000000e+00 1.000000000000000000e+00
7.000000000006938450e-01 1.600000000000000089e+00 1.000000000000000000e+00
7.000000000006938450e-01 1.699999999999999956e+00 1.000000000000000000e+00
7.000000000006938450e-01 1.800000000000000044e+00 1.000000000000000000e+00
7.000000000006938450e-01 1.899999999999999911e+00 1.000000000000000000e+00
6.500000000010406342e-01 1.000000000000000056e-01 1.000000000000000000e+00
6.500000000010406342e-01 2.000000000000000111e-01 1.000000000000000000e+00
6.500000000010406342e-01 2.999999999999999889e-01 1.000000000000000000e+00
6.500000000010406342e-01 4.000000000000000222e-01 1.000000000000000000e+00
6.500000000010406342e-01 5.000000000000000000e-01 1.000000000000000000e+00
6.500000000010406342e-01 5.999999999999999778e-01 1.000000000000000000e+00
6.500000000010406342e-01 6.999999999999999556e-01 1.000000000000000000e+00
6.500000000010406342e-01 8.000000000000000444e-01 1.000000000000000000e+00
6.500000000010406342e-01 9.000000000000000222e-01 1.000000000000000000e+00
6.500000000010406342e-01 1.000000000000000000e+00 1.000000000000000000e+00
6.500000000010406342e-01 1.100000000000000089e+00 1.000000000000000000e+00
6.500000000010406342e-01 1.199999999999999956e+00 1.000000000000000000e+00
6.500000000010406342e-01 1.300000000000000044e+00 1.000000000000000000e+00
6.500000000010406342e-01 1.399999999999999911e+00 1.000000000000000000e+00
6.500000000010406342e-01 1.500000000000000000e+00 1.000000000000000000e+00
6.500000000010406342e-01 1.600000000000000089e+00 1.000000000000000000e+00
6.500000000010406342e-01 1.699999999999999956e+00 1.000000000000000000e+00
6.500000000010406342e-01 1.800000000000000044e+00 1.000000000000000000e+00
6.500000000010406342e-01 1.899999999999999911e+00 1.000000000000000000e+00
6.000000000013874235e-01 1.000000000000000056e-01 1.000000000000000000e+00
6.000000000013874235e-01 2.000000000000000111e-01 1.000000000000000000e+00
6.000000000013874235e-01 2.999999999999999889e-01 1.000000000000000000e+00
6.000000000013874235e-01 4.000000000000000222e-01 1.000000000000000000e+00
6.000000000013874235e-01 5.000000000000000000e-01 1.000000000000000000e+00
6.000000000013874235e-01 5.999999999999999778e-01 1.000000000000000000e+00
6.000000000013874235e-01 6.999999999999999556e-01 1.000000000000000000e+00
6.000000000013874235e-01 8.000000000000000444e-01 1.000000000000000000e+00
6.000000000013874235e-01 9.000000000000000222e-01 1.000000000000000000e+00
6.000000000013874235e-01 1.000000000000000000e+00 1.000000000000000000e+00
6.000000000013874235e-01 1.100000000000000089e+00 1.000000000000000000e+00
6.000000000013874235e-01 1.199999999999999956e+00 1.000000000000000000e+00
6.000000000013874235e-01 1.300000000000000044e+00 1.000000000000000000e+00
6.000000000013874235e-01 1.399999999999999911e+00 1.000000000000000000e+00
6.000000000013874235e-01 1.500000000000000000e+00 1.000000000000000000e+00
6.000000000013874235e-01 1.600000000000000089e+00 1.000000000000000000e+00
6.000000000013874235e-01 1.699999999999999956e+00 1.000000000000000000e+00
6.000000000013874235e-01 1.800000000000000044e+00 1.000000000000000000e+00
6.000000000013874235e-01 1.899999999999999911e+00 1.000000000000000000e+00
5.500000000017343238e-01 1.000000000000000056e-01 1.000000000000000000e+00
5.500000000017343238e-01 2.000000000000000111e-01 1.000000000000000000e+00
5.500000000017343238e-01 2.999999999999999889e-01 1.000000000000000000e+00
5.500000000017343238e-01 4.000000000000000222e-01 1.000000000000000000e+00
5.500000000017343238e-01 5.000000000000000000e-01 1.000000000000000000e+00
5.500000000017343238e-01 5.999999999999999778e-01 1.000000000000000000e+00
5.500000000017343238e-01 6.999999999999999556e-01 1.000000000000000000e+00
5.500000000017343238e-01 8.000000000000000444e-01 1.000000000000000000e+00
5.500000000017343238e-01 9.000000000000000222e-01 1.000000000000000000e+00
5.500000000017343238e-01 1.000000000000000000e+00 1.000000000000000000e+00
5.500000000017343238e-01 1.100000000000000089e+00 1.000000000000000000e+00
5.500000000017343238e-01 1.199999999999999956e+00 1.000000000000000000e+00
5.500000000017343238e-01 1.300000000000000044e+00 1.000000000000000000e+00
5.500000000017343238e-01 1.399999999999999911e+00 1.000000000000000000e+00
5.500000000017343238e-01 1.500000000000000000e+00 1.000000000000000000e+00
5.500000000017343238e-01 1.600000000000000089e+00 1.000000000000000000e+00
5.500000000017343238e-01 1.699999999999999956e+00 1.000000000000000000e+00
5.500000000017343238e-01 1.800000000000000044e+00 1.000000000000000000e+00
5.500000000017343238e-01 1.899999999999999911e+00 1.000000000000000000e+00
5.000000000020594637e-01 1.000000000000000056e-01 1.000000000000000000e+00
5.000000000020594637e-01 2.000000000000000111e-01 1.000000000000000000e+00
5.000000000020594637e-01 2.999999999999999889e-01 1.000000000000000000e+00
5.000000000020594637e-01 4.000000000000000222e-01 1.000000000000000000e+00
5.000000000020594637e-01 5.000000000000000000e-01 1.000000000000000000e+00
5.000000000020594637e-01 5.999999999999999778e-01 1.000000000000000000e+00
5.000000000020594637e-01 6.999999999999999556e-01 1.000000000000000000e+00
5.000000000020594637e-01 8.000000000000000444e-01 1.000000000000000000e+00
5.000000000020594637e-01 9.000000000000000222e-01 1.000000000000000000e+00
5.000000000020594637e-01 1.000000000000000000e+00 1.000000000000000000e+00
5.000000000020594637e-01 1.100000000000000089e+00 1.000000000000000000e+00
5.000000000020594637e-01 1.199999999999999956e+00 1.000000000000000000e+00
5.000000000020594637e-01 1.300000000000000044e+00 1.000000000000000000e+00
5.000000000020594637e-01 1.399999999999999911e+00 1.000000000000000000e+00
5.000000000020594637e-01 1.500000000000000000e+00 1.000000000000000000e+00
5.000000000020594637e-01 1.600000000000000089e+00 1.000000000000000000e+00
5.000000000020594637e-01 1.699999999999999956e+00 1.000000000000000000e+00
5.000000000020594637e-01 1.800000000000000044e+00 1.000000000000000000e+00
5.000000000020594637e-01 1.899999999999999911e+00 1.000000000000000000e+00
4.500000000018730129e-01 1.000000000000000056e-01 1.000000000000000000e+00
4.500000000018730129e-01 2.000000000000000111e-01 1.000000000000000000e+00
4.500000000018730129e-01 2.999999999999999889e-01 1.000000000000000000e+00
4.500000000018730129e-01 4.000000000000000222e-01 1.000000000000000000e+00
4.500000000018730129e-01 5.000000000000000000e-01 1.000000000000000000e+00
4.500000000018730129e-01 5.999999999999999778e-01 1.000000000000000000e+00
4.500000000018730129e-01 6.999999999999999556e-01 1.000000000000000000e+00
4.500000000018730129e-01 8.000000000000000444e-01 1.000000000000000000e+00
4.500000000018730129e-01 9.000000000000000222e-01 1.000000000000000000e+00
4.500000000018730129e-01 1.000000000000000000e+00 1.000000000000000000e+00
4.500000000018730129e-01 1.100000000000000089e+00 1.000000000000000000e+00
4.500000000018730129e-01 1.199999999999999956e+00 1.000000000000000000e+00
4.500000000018730129e-01 1.300000000000000044e+00 1.000000000000000000e+00
4.500000000018730129e-01 1.399999999999999911e+00 1.000000000000000000e+00
4.500000000018730129e-01 1.500000000000000000e+00 1.000000000000000000e+00
4.500000000018730129e-01 1.600000000000000089e+00 1.000000000000000000e+00
4.500000000018730129e-01 1.699999999999999956e+00 1.000000000000000000e+00
4.500000000018730129e-01 1.800000000000000044e+00 1.000000000000000000e+00
4.500000000018730129e-01 1.899999999999999911e+00 1.000000000000000000e+00
4.000000000016650237e-01 1.000000000000000056e-01 1.000000000000000000e+00
4.000000000016650237e-01 2.000000000000000111e-01 1.000000000000000000e+00
4.000000000016650237e-01 2.999999999999999889e-01 1.000000000000000000e+00
4.000000000016650237e-01 4.000000000000000222e-01 1.000000000000000000e+00
4.000000000016650237e-01 5.000000000000000000e-01 1.000000000000000000e+00
4.000000000016650237e-01 5.999999999999999778e-01 1.000000000000000000e+00
4.000000000016650237e-01 6.999999999999999556e-01 1.000000000000000000e+00
4.000000000016650237e-01 8.000000000000000444e-01 1.000000000000000000e+00
4.000000000016650237e-01 9.000000000000000222e-01 1.000000000000000000e+00
4.000000000016650237e-01 1.000000000000000000e+00 1.000000000000000000e+00
4.000000000016650237e-01 1.100000000000000089e+00 1.000000000000000000e+00
4.000000000016650237e-01 1.199999999999999956e+00 1.000000000000000000e+00
4.000000000016650237e-01 1.300000000000000044e+00 1.000000000000000000e+00
4.000000000016650237e-01 1.399999999999999911e+00 1.000000000000000000e+00
4.000000000016650237e-01 1.500000000000000000e+00 1.000000000000000000e+00
4.000000000016650237e-01 1.600000000000000089e+00 1.000000000000000000e+00
4.000000000016650237e-01 1.699999999999999956e+00 1.000000000000000000e+00
4.000000000016650237e-01 1.800000000000000044e+00 1.000000000000000000e+00
4.000000000016650237e-01 1.899999999999999911e+00 1.000000000000000000e+00
3.500000000014568124e-01 1.000000000000000056e-01 1.000000000000000000e+00
3.500000000014568124e-01 2.000000000000000111e-01 1.000000000000000000e+00
3.500000000014568124e-01 2.999999999999999889e-01 1.000000000000000000e+00
3.500000000014568124e-01 4.000000000000000222e-01 1.000000000000000000e+00
3.500000000014568124e-01 5.000000000000000000e-01 1.000000000000000000e+00
3.500000000014568124e-01 5.999999999999999778e-01 1.000000000000000000e+00
3.500000000014568124e-01 6.999999999999999556e-01 1.000000000000000000e+00
3.500000000014568124e-01 8.000000000000000444e-01 1.000000000000000000e+00
3.500000000014568124e-01 9.000000000000000222e-01 1.000000000000000000e+00
3.500000000014568124e-01 1.000000000000000000e+00 1.000000000000000000e+00
3.500000000014568124e-01 1.100000000000000089e+00 1.000000000000000000e+00
3.500000000014568124e-01 1.199999999999999956e+00 1.000000000000000000e+00
3.500000000014568124e-01 1.300000000000000044e+00 1.000000000000000000e+00
3.500000000014568124e-01 1.399999999999999911e+00 1.000000000000000000e+00
3.500000000014568124e-01 1.500000000000000000e+00 1.000000000000000000e+00
3.500000000014568124e-01 1.600000000000000089e+00 1.000000000000000000e+00
3.500000000014568124e-01 1.699999999999999956e+00 1.000000000000000000e+00
3.500000000014568124e-01 1.800000000000000044e+00 1.000000000000000000e+00
3.500000000014568124e-01 1.899999999999999911e+00 1.000000000000000000e+00
3.000000000012487122e-01 1.000000000000000056e-01 1.000000000000000000e+00
3.000000000012487122e-01 2.000000000000000111e-01 1.000000000000000000e+00
3.000000000012487122e-01 2.999999999999999889e-01 1.000000000000000000e+00
3.000000000012487122e-01 4.000000000000000222e-01 1.000000000000000000e+00
3.000000000012487122e-01 5.000000000000000000e-01 1.000000000000000000e+00
3.000000000012487122e-01 5.999999999999999778e-01 1.000000000000000000e+00
3.000000000012487122e-01 6.999999999999999556e-01 1.000000000000000000e+00
3.000000000012487122e-01 8.000000000000000444e-01 1.000000000000000000e+00
3.000000000012487122e-01 9.000000000000000222e-01 1.000000000000000000e+00
3.000000000012487122e-01 1.000000000000000000e+00 1.000000000000000000e+00
3.000000000012487122e-01 1.100000000000000089e+00 1.000000000000000000e+00
3.000000000012487122e-01 1.199999999999999956e+00 1.000000000000000000e+00
3.000000000012487122e-01 1.300000000000000044e+00 1.000000000000000000e+00
3.000000000012487122e-01 1.399999999999999911e+00 1.000000000000000000e+00
3.000000000012487122e-01 1.500000000000000000e+00 1.000000000000000000e+00
3.000000000012487122e-01 1.600000000000000089e+00 1.000000000000000000e+00
3.000000000012487122e-01 1.699999999999999956e+00 1.000000000000000000e+00
3.000000000012487122e-01 1.800000000000000044e+00 1.000000000000000000e+00
3.000000000012487122e-01 1.899999999999999911e+00 1.000000000000000000e+00
2.500000000010406120e-01 1.000000000000000056e-01 1.000000000000000000e+00
2.500000000010406120e-01 2.000000000000000111e-01 1.000000000000000000e+00
2.500000000010406120e-01 2.999999999999999889e-01 1.000000000000000000e+00
2.500000000010406120e-01 4.000000000000000222e-01 1.000000000000000000e+00
2.500000000010406120e-01 5.000000000000000000e-01 1.000000000000000000e+00
2.500000000010406120e-01 5.999999999999999778e-01 1.000000000000000000e+00
2.500000000010406120e-01 6.999999999999999556e-01 1.000000000000000000e+00
2.500000000010406120e-01 8.000000000000000444e-01 1.000000000000000000e+00
2.500000000010406120e-01 9.000000000000000222e-01 1.000000000000000000e+00
2.500000000010406120e-01 1.000000000000000000e+00 1.000000000000000000e+00
2.500000000010406120e-01 1.100000000000000089e+00 1.000000000000000000e+00
2.500000000010406120e-01 1.199999999999999956e+00 1.000000000000000000e+00
2.500000000010406120e-01 1.300000000000000044e+00 1.000000000000000000e+00
2.500000000010406120e-01 1.399999999999999911e+00 1.000000000000000000e+00
2.500000000010406120e-01 1.500000000000000000e+00 1.000000000000000000e+00
2.500000000010406120e-01 1.600000000000000089e+00 1.000000000000000000e+00
2.500000000010406120e-01 1.699999999999999956e+00 1.000000000000000000e+00
2.500000000010406120e-01 1.800000000000000044e+00 1.000000000000000000e+00
2.500000000010406120e-01 1.899999999999999911e+00 1.000000000000000000e+00
2.000000000008325118e-01 1.000000000000000056e-01 1.000000000000000000e+00
2.000000000008325118e-01 2.000000000000000111e-01 1.000000000000000000e+00
2.000000000008325118e-01 2.999999999999999889e-01 1.000000000000000000e+00
2.000000000008325118e-01 4.000000000000000222e-01 1.000000000000000000e+00
2.000000000008325118e-01 5.000000000000000000e-01 1.000000000000000000e+00
2.000000000008325118e-01 5.999999999999999778e-01 1.000000000000000000e+00
2.000000000008325118e-01 6.999999999999999556e-01 1.000000000000000000e+00
2.000000000008325118e-01 8.000000000000000444e-01 1.000000000000000000e+00
2.000000000008325118e-01 9.000000000000000222e-01 1.000000000000000000e+00
2.000000000008325118e-01 1.000000000000000000e+00 1.000000000000000000e+00
2.000000000008325118e-01 1.100000000000000089e+00 1.000000000000000000e+00
2.000000000008325118e-01 1.199999999999999956e+00 1.000000000000000000e+00
2.000000000008325118e-01 1.300000000000000044e+00 1.000000000000000000e+00
2.000000000008325118e-01 1.399999999999999911e+00 1.000000000000000000e+00
2.000000000008325118e-01 1.500000000000000000e+00 1.000000000000000000e+00
2.000000000008325118e-01 1.600000000000000089e+00 1.000000000000000000e+00
2.000000000008325118e-01 1.699999999999999956e+00 1.000000000000000000e+00
2.000000000008325118e-01 1.800000000000000044e+00 1.000000000000000000e+00
2.000000000008325118e-01 1.899999999999999911e+00 1.000000000000000000e+00
1.500000000006244116e-01 1.000000000000000056e-01 1.000000000000000000e+00
1.500000000006244116e-01 2.000000000000000111e-01 1.000000000000000000e+00
1.500000000006244116e-01 2.999999999999999889e-01 1.000000000000000000e+00
1.500000000006244116e-01 4.000000000000000222e-01 1.000000000000000000e+00
1.500000000006244116e-01 5.000000000000000000e-01 1.000000000000000000e+00
1.500000000006244116e-01 5.999999999999999778e-01 1.000000000000000000e+00
1.500000000006244116e-01 6.999999999999999556e-01 1.000000000000000000e+00
1.500000000006244116e-01 8.000000000000000444e-01 1.000000000000000000e+00
1.500000000006244116e-01 9.000000000000000222e-01 1.000000000000000000e+00
1.500000000006244116e-01 1.000000000000000000e+00 1.000000000000000000e+00
1.500000000006244116e-01 1.100000000000000089e+00 1.000000000000000000e+00
1.500000000006244116e-01 1.199999999999999956e+00 1.000000000000000000e+00
1.500000000006244116e-01 1.300000000000000044e+00 1.000000000000000000e+00
1.500000000006244116e-01 1.399999999999999911e+00 1.000000000000000000e+00
1.500000000006244116e-01 1.500000000000000000e+00 1.000000000000000000e+00
1.500000000006244116e-01 1.600000000000000089e+00 1.000000000000000000e+00
1.500000000006244116e-01 1.699999999999999956e+00 1.000000000000000000e+00
1.500000000006244116e-01 1.800000000000000044e+00 1.000000000000000000e+00
1.500000000006244116e-01 1.899999999999999911e+00 1.000000000000000000e+00
1.000000000004162004e-01 1.000000000000000056e-01 1.000000000000000000e+00
1.000000000004162004e-01 2.000000000000000111e-01 1.000000000000000000e+00
1.000000000004162004e-01 2.999999999999999889e-01 1.000000000000000000e+00
1.000000000004162004e-01 4.000000000000000222e-01 1.000000000000000000e+00
1.000000000004162004e-01 5.000000000000000000e-01 1.000000000000000000e+00
1.000000000004162004e-01 5.999999999999999778e-01 1.000000000000000000e+00
1.000000000004162004e-01 6.999999999999999556e-01 1.000000000000000000e+00
1.000000000004162004e-01 8.000000000000000444e-01 1.000000000000000000e+00
1.000000000004162004e-01 9.000000000000000222e-01 1.000000000000000000e+00
1.000000000004162004e-01 1.000000000000000000e+00 1.000000000000000000e+00
1.000000000004162004e-01 1.100000000000000089e+00 1.000000000000000000e+00
1.000000000004162004e-01 1.199999999999999956e+00 1.000000000000000000e+00
1.000000000004162004e-01 1.300000000000000044e+00 1.000000000000000000e+00
1.000000000004162004e-01 1.399999999999999911e+00 1.000000000000000000e+00
1.000000000004162004e-01 1.500000000000000000e+00 1.000000000000000000e+00
1.000000000004162004e-01 1.600000000000000089e+00 1.000000000000000000e+00
1.000000000004162004e-01 1.699999999999999956e+00 1.000000000000000000e+00
1.000000000004162004e-01 1.800000000000000044e+00 1.000000000000000000e+00
1.000000000004162004e-01 1.899999999999999911e+00 1.000000000000000000e+00
5.000000000020810020e-02 1.000000000000000056e-01 1.000000000000000000e+00
5.000000000020810020e-02 2.000000000000000111e-01 1.000000000000000000e+00
5.000000000020810020e-02 2.999999999999999889e-01 1.000000000000000000e+00
5.000000000020810020e-02 4.000000000000000222e-01 1.000000000000000000e+00
5.000000000020810020e-02 5.000000000000000000e-01 1.000000000000000000e+00
5.000000000020810020e-02 5.999999999999999778e-01 1.000000000000000000e+00
5.000000000020810020e-02 6.999999999999999556e-01 1.000000000000000000e+00
5.000000000020810020e-02 8.000000000000000444e-01 1.000000000000000000e+00
5.000000000020810020e-02 9.000000000000000222e-01 1.000000000000000000e+00
5.000000000020810020e-02 1.000000000000000000e+00 1.000000000000000000e+00
5.000000000020810020e-02 1.100000000000000089e+00 1.000000000000000000e+00
5.000000000020810020e-02 1.199999999999999956e+00 1.000000000000000000e+00
5.000000000020810020e-02 1.300000000000000044e+00 1.000000000000000000e+00
5.000000000020810020e-02 1.399999999999999911e+00 1.000000000000000000e+00
5.000000000020810020e-02 1.500000000000000000e+00 1.000000000000000000e+00
5.000000000020810020e-02 1.600000000000000089e+00 1.000000000000000000e+00
5.000000000020810020e-02 1.699999999999999956e+00 1.000000000000000000e+00
5.000000000020810020e-02 1.800000000000000044e+00 1.000000000000000000e+00
5.000000000020810020e-02 1.899999999999999911e+00 1.000000000000000000e+00
